
P , 0  , 0
P , 1  , 1
P , 2  , 0
P , 3  , 1
P , 4  , 0
P , 5  , 0
P , 6  , 0
P , 7  , 0
A , 8  , 0
A , 9  , 1
A , 10  , 0
A , 11  , 0
A , 12  , 0
A , 13  , 0
A , 14  , 0
A , 15  , 1
R , 16  , 0
R , 17  , 1
R , 18  , 0
R , 19  , 1
R , 20  , 0
R , 21  , 0
R , 22  , 1
R , 23  , 0
I , 24  , 0
I , 25  , 1
I , 26  , 0
I , 27  , 0
I , 28  , 1
I , 29  , 0
I , 30  , 0
I , 31  , 1
S , 32  , 0
S , 33  , 1
S , 34  , 0
S , 35  , 1
S , 36  , 0
S , 37  , 0
S , 38  , 1
S , 39  , 1
  , 40  , 0
  , 41  , 0
  , 42  , 1
  , 43  , 0
  , 44  , 0
  , 45  , 0
  , 46  , 0
  , 47  , 0
D , 48  , 0
D , 49  , 1
D , 50  , 0
D , 51  , 0
D , 52  , 0
D , 53  , 1
D , 54  , 0
D , 55  , 0
E , 56  , 0
E , 57  , 1
E , 58  , 0
E , 59  , 0
E , 60  , 0
E , 61  , 1
E , 62  , 0
E , 63  , 1
  , 64  , 0
  , 65  , 0
  , 66  , 1
  , 67  , 0
  , 68  , 0
  , 69  , 0
  , 70  , 0
  , 71  , 0
N , 72  , 0
N , 73  , 1
N , 74  , 0
N , 75  , 0
N , 76  , 1
N , 77  , 1
N , 78  , 1
N , 79  , 0
U , 80  , 0
U , 81  , 1
U , 82  , 0
U , 83  , 1
U , 84  , 0
U , 85  , 1
U , 86  , 0
U , 87  , 1
I , 88  , 0
I , 89  , 1
I , 90  , 0
I , 91  , 0
I , 92  , 1
I , 93  , 0
I , 94  , 0
I , 95  , 1
T , 96  , 0
T , 97  , 1
T , 98  , 0
T , 99  , 1
T , 100  , 0
T , 101  , 1
T , 102  , 0
T , 103  , 0

 , 104  , 0

 , 105  , 0

 , 106  , 0

 , 107  , 0

 , 108  , 1

 , 109  , 0

 , 110  , 1

 , 111  , 0
J , 112  , 0
J , 113  , 1
J , 114  , 0
J , 115  , 0
J , 116  , 1
J , 117  , 0
J , 118  , 1
J , 119  , 0
a , 120  , 0
a , 121  , 1
a , 122  , 1
a , 123  , 0
a , 124  , 0
a , 125  , 0
a , 126  , 0
a , 127  , 1
c , 128  , 0
c , 129  , 1
c , 130  , 1
c , 131  , 0
c , 132  , 0
c , 133  , 0
c , 134  , 1
c , 135  , 1
q , 136  , 0
q , 137  , 1
q , 138  , 1
q , 139  , 1
q , 140  , 0
q , 141  , 0
q , 142  , 0
q , 143  , 1
u , 144  , 0
u , 145  , 1
u , 146  , 1
u , 147  , 1
u , 148  , 0
u , 149  , 1
u , 150  , 0
u , 151  , 1
e , 152  , 0
e , 153  , 1
e , 154  , 1
e , 155  , 0
e , 156  , 0
e , 157  , 1
e , 158  , 0
e , 159  , 1
s , 160  , 0
s , 161  , 1
s , 162  , 1
s , 163  , 1
s , 164  , 0
s , 165  , 0
s , 166  , 1
s , 167  , 1
  , 168  , 0
  , 169  , 0
  , 170  , 1
  , 171  , 0
  , 172  , 0
  , 173  , 0
  , 174  , 0
  , 175  , 0
P , 176  , 0
P , 177  , 1
P , 178  , 0
P , 179  , 1
P , 180  , 0
P , 181  , 0
P , 182  , 0
P , 183  , 0
r , 184  , 0
r , 185  , 1
r , 186  , 1
r , 187  , 1
r , 188  , 0
r , 189  , 0
r , 190  , 1
r , 191  , 0
Ã , 192  , 1
Ã , 193  , 1
Ã , 194  , 0
Ã , 195  , 0
Ã , 196  , 0
Ã , 197  , 0
Ã , 198  , 1
Ã , 199  , 1
© , 200  , 1
© , 201  , 0
© , 202  , 1
© , 203  , 0
© , 204  , 1
© , 205  , 0
© , 206  , 0
© , 207  , 1
v , 208  , 0
v , 209  , 1
v , 210  , 1
v , 211  , 1
v , 212  , 0
v , 213  , 1
v , 214  , 1
v , 215  , 0
e , 216  , 0
e , 217  , 1
e , 218  , 1
e , 219  , 0
e , 220  , 0
e , 221  , 1
e , 222  , 0
e , 223  , 1
r , 224  , 0
r , 225  , 1
r , 226  , 1
r , 227  , 1
r , 228  , 0
r , 229  , 0
r , 230  , 1
r , 231  , 0
t , 232  , 0
t , 233  , 1
t , 234  , 1
t , 235  , 1
t , 236  , 0
t , 237  , 1
t , 238  , 0
t , 239  , 0

 , 240  , 0

 , 241  , 0

 , 242  , 0

 , 243  , 0

 , 244  , 1

 , 245  , 0

 , 246  , 1

 , 247  , 0
T , 248  , 0
T , 249  , 1
T , 250  , 0
T , 251  , 1
T , 252  , 0
T , 253  , 1
T , 254  , 0
T , 255  , 0
r , 256  , 0
r , 257  , 1
r , 258  , 1
r , 259  , 1
r , 260  , 0
r , 261  , 0
r , 262  , 1
r , 263  , 0
o , 264  , 0
o , 265  , 1
o , 266  , 1
o , 267  , 0
o , 268  , 1
o , 269  , 1
o , 270  , 1
o , 271  , 1
i , 272  , 0
i , 273  , 1
i , 274  , 1
i , 275  , 0
i , 276  , 1
i , 277  , 0
i , 278  , 0
i , 279  , 1
s , 280  , 0
s , 281  , 1
s , 282  , 1
s , 283  , 1
s , 284  , 0
s , 285  , 0
s , 286  , 1
s , 287  , 1
  , 288  , 0
  , 289  , 0
  , 290  , 1
  , 291  , 0
  , 292  , 0
  , 293  , 0
  , 294  , 0
  , 295  , 0
a , 296  , 0
a , 297  , 1
a , 298  , 1
a , 299  , 0
a , 300  , 0
a , 301  , 0
a , 302  , 0
a , 303  , 1
l , 304  , 0
l , 305  , 1
l , 306  , 1
l , 307  , 0
l , 308  , 1
l , 309  , 1
l , 310  , 0
l , 311  , 0
l , 312  , 0
l , 313  , 1
l , 314  , 1
l , 315  , 0
l , 316  , 1
l , 317  , 1
l , 318  , 0
l , 319  , 0
u , 320  , 0
u , 321  , 1
u , 322  , 1
u , 323  , 1
u , 324  , 0
u , 325  , 1
u , 326  , 0
u , 327  , 1
m , 328  , 0
m , 329  , 1
m , 330  , 1
m , 331  , 0
m , 332  , 1
m , 333  , 1
m , 334  , 0
m , 335  , 1
e , 336  , 0
e , 337  , 1
e , 338  , 1
e , 339  , 0
e , 340  , 0
e , 341  , 1
e , 342  , 0
e , 343  , 1
t , 344  , 0
t , 345  , 1
t , 346  , 1
t , 347  , 1
t , 348  , 0
t , 349  , 1
t , 350  , 0
t , 351  , 0
t , 352  , 0
t , 353  , 1
t , 354  , 1
t , 355  , 1
t , 356  , 0
t , 357  , 1
t , 358  , 0
t , 359  , 0
e , 360  , 0
e , 361  , 1
e , 362  , 1
e , 363  , 0
e , 364  , 0
e , 365  , 1
e , 366  , 0
e , 367  , 1
s , 368  , 0
s , 369  , 1
s , 370  , 1
s , 371  , 1
s , 372  , 0
s , 373  , 0
s , 374  , 1
s , 375  , 1
  , 376  , 0
  , 377  , 0
  , 378  , 1
  , 379  , 0
  , 380  , 0
  , 381  , 0
  , 382  , 0
  , 383  , 0
u , 384  , 0
u , 385  , 1
u , 386  , 1
u , 387  , 1
u , 388  , 0
u , 389  , 1
u , 390  , 0
u , 391  , 1
n , 392  , 0
n , 393  , 1
n , 394  , 1
n , 395  , 0
n , 396  , 1
n , 397  , 1
n , 398  , 1
n , 399  , 0
e , 400  , 0
e , 401  , 1
e , 402  , 1
e , 403  , 0
e , 404  , 0
e , 405  , 1
e , 406  , 0
e , 407  , 1
  , 408  , 0
  , 409  , 0
  , 410  , 1
  , 411  , 0
  , 412  , 0
  , 413  , 0
  , 414  , 0
  , 415  , 0
Ã , 416  , 1
Ã , 417  , 1
Ã , 418  , 0
Ã , 419  , 0
Ã , 420  , 0
Ã , 421  , 0
Ã , 422  , 1
Ã , 423  , 1
  , 424  , 1
  , 425  , 0
  , 426  , 1
  , 427  , 0
  , 428  , 0
  , 429  , 0
  , 430  , 0
  , 431  , 0
  , 432  , 0
  , 433  , 0
  , 434  , 1
  , 435  , 0
  , 436  , 0
  , 437  , 0
  , 438  , 0
  , 439  , 0
u , 440  , 0
u , 441  , 1
u , 442  , 1
u , 443  , 1
u , 444  , 0
u , 445  , 1
u , 446  , 0
u , 447  , 1
n , 448  , 0
n , 449  , 1
n , 450  , 1
n , 451  , 0
n , 452  , 1
n , 453  , 1
n , 454  , 1
n , 455  , 0
e , 456  , 0
e , 457  , 1
e , 458  , 1
e , 459  , 0
e , 460  , 0
e , 461  , 1
e , 462  , 0
e , 463  , 1
  , 464  , 0
  , 465  , 0
  , 466  , 1
  , 467  , 0
  , 468  , 0
  , 469  , 0
  , 470  , 0
  , 471  , 0
a , 472  , 0
a , 473  , 1
a , 474  , 1
a , 475  , 0
a , 476  , 0
a , 477  , 0
a , 478  , 0
a , 479  , 1
l , 480  , 0
l , 481  , 1
l , 482  , 1
l , 483  , 0
l , 484  , 1
l , 485  , 1
l , 486  , 0
l , 487  , 0
l , 488  , 0
l , 489  , 1
l , 490  , 1
l , 491  , 0
l , 492  , 1
l , 493  , 1
l , 494  , 0
l , 495  , 0
u , 496  , 0
u , 497  , 1
u , 498  , 1
u , 499  , 1
u , 500  , 0
u , 501  , 1
u , 502  , 0
u , 503  , 1
m , 504  , 0
m , 505  , 1
m , 506  , 1
m , 507  , 0
m , 508  , 1
m , 509  , 1
m , 510  , 0
m , 511  , 1
Ã , 512  , 1
Ã , 513  , 1
Ã , 514  , 0
Ã , 515  , 0
Ã , 516  , 0
Ã , 517  , 0
Ã , 518  , 1
Ã , 519  , 1
© , 520  , 1
© , 521  , 0
© , 522  , 1
© , 523  , 0
© , 524  , 1
© , 525  , 0
© , 526  , 0
© , 527  , 1
e , 528  , 0
e , 529  , 1
e , 530  , 1
e , 531  , 0
e , 532  , 0
e , 533  , 1
e , 534  , 0
e , 535  , 1
s , 536  , 0
s , 537  , 1
s , 538  , 1
s , 539  , 1
s , 540  , 0
s , 541  , 0
s , 542  , 1
s , 543  , 1
  , 544  , 0
  , 545  , 0
  , 546  , 1
  , 547  , 0
  , 548  , 0
  , 549  , 0
  , 550  , 0
  , 551  , 0
d , 552  , 0
d , 553  , 1
d , 554  , 1
d , 555  , 0
d , 556  , 0
d , 557  , 1
d , 558  , 0
d , 559  , 0
a , 560  , 0
a , 561  , 1
a , 562  , 1
a , 563  , 0
a , 564  , 0
a , 565  , 0
a , 566  , 0
a , 567  , 1
n , 568  , 0
n , 569  , 1
n , 570  , 1
n , 571  , 0
n , 572  , 1
n , 573  , 1
n , 574  , 1
n , 575  , 0
s , 576  , 0
s , 577  , 1
s , 578  , 1
s , 579  , 1
s , 580  , 0
s , 581  , 0
s , 582  , 1
s , 583  , 1
  , 584  , 0
  , 585  , 0
  , 586  , 1
  , 587  , 0
  , 588  , 0
  , 589  , 0
  , 590  , 0
  , 591  , 0
l , 592  , 0
l , 593  , 1
l , 594  , 1
l , 595  , 0
l , 596  , 1
l , 597  , 1
l , 598  , 0
l , 599  , 0
a , 600  , 0
a , 601  , 1
a , 602  , 1
a , 603  , 0
a , 604  , 0
a , 605  , 0
a , 606  , 0
a , 607  , 1
  , 608  , 0
  , 609  , 0
  , 610  , 1
  , 611  , 0
  , 612  , 0
  , 613  , 0
  , 614  , 0
  , 615  , 0
n , 616  , 0
n , 617  , 1
n , 618  , 1
n , 619  , 0
n , 620  , 1
n , 621  , 1
n , 622  , 1
n , 623  , 0
u , 624  , 0
u , 625  , 1
u , 626  , 1
u , 627  , 1
u , 628  , 0
u , 629  , 1
u , 630  , 0
u , 631  , 1
i , 632  , 0
i , 633  , 1
i , 634  , 1
i , 635  , 0
i , 636  , 1
i , 637  , 0
i , 638  , 0
i , 639  , 1
t , 640  , 0
t , 641  , 1
t , 642  , 1
t , 643  , 1
t , 644  , 0
t , 645  , 1
t , 646  , 0
t , 647  , 0

 , 648  , 0

 , 649  , 0

 , 650  , 0

 , 651  , 0

 , 652  , 1

 , 653  , 0

 , 654  , 1

 , 655  , 0
L , 656  , 0
L , 657  , 1
L , 658  , 0
L , 659  , 0
L , 660  , 1
L , 661  , 1
L , 662  , 0
L , 663  , 0
a , 664  , 0
a , 665  , 1
a , 666  , 1
a , 667  , 0
a , 668  , 0
a , 669  , 0
a , 670  , 0
a , 671  , 1
  , 672  , 0
  , 673  , 0
  , 674  , 1
  , 675  , 0
  , 676  , 0
  , 677  , 0
  , 678  , 0
  , 679  , 0
p , 680  , 0
p , 681  , 1
p , 682  , 1
p , 683  , 1
p , 684  , 0
p , 685  , 0
p , 686  , 0
p , 687  , 0
r , 688  , 0
r , 689  , 1
r , 690  , 1
r , 691  , 1
r , 692  , 0
r , 693  , 0
r , 694  , 1
r , 695  , 0
e , 696  , 0
e , 697  , 1
e , 698  , 1
e , 699  , 0
e , 700  , 0
e , 701  , 1
e , 702  , 0
e , 703  , 1
m , 704  , 0
m , 705  , 1
m , 706  , 1
m , 707  , 0
m , 708  , 1
m , 709  , 1
m , 710  , 0
m , 711  , 1
i , 712  , 0
i , 713  , 1
i , 714  , 1
i , 715  , 0
i , 716  , 1
i , 717  , 0
i , 718  , 0
i , 719  , 1
Ã , 720  , 1
Ã , 721  , 1
Ã , 722  , 0
Ã , 723  , 0
Ã , 724  , 0
Ã , 725  , 0
Ã , 726  , 1
Ã , 727  , 1
¨ , 728  , 1
¨ , 729  , 0
¨ , 730  , 1
¨ , 731  , 0
¨ , 732  , 1
¨ , 733  , 0
¨ , 734  , 0
¨ , 735  , 0
r , 736  , 0
r , 737  , 1
r , 738  , 1
r , 739  , 1
r , 740  , 0
r , 741  , 0
r , 742  , 1
r , 743  , 0
e , 744  , 0
e , 745  , 1
e , 746  , 1
e , 747  , 0
e , 748  , 0
e , 749  , 1
e , 750  , 0
e , 751  , 1
  , 752  , 0
  , 753  , 0
  , 754  , 1
  , 755  , 0
  , 756  , 0
  , 757  , 0
  , 758  , 0
  , 759  , 0
p , 760  , 0
p , 761  , 1
p , 762  , 1
p , 763  , 1
p , 764  , 0
p , 765  , 0
p , 766  , 0
p , 767  , 0
o , 768  , 0
o , 769  , 1
o , 770  , 1
o , 771  , 0
o , 772  , 1
o , 773  , 1
o , 774  , 1
o , 775  , 1
u , 776  , 0
u , 777  , 1
u , 778  , 1
u , 779  , 1
u , 780  , 0
u , 781  , 1
u , 782  , 0
u , 783  , 1
r , 784  , 0
r , 785  , 1
r , 786  , 1
r , 787  , 1
r , 788  , 0
r , 789  , 0
r , 790  , 1
r , 791  , 0
  , 792  , 0
  , 793  , 0
  , 794  , 1
  , 795  , 0
  , 796  , 0
  , 797  , 0
  , 798  , 0
  , 799  , 0
v , 800  , 0
v , 801  , 1
v , 802  , 1
v , 803  , 1
v , 804  , 0
v , 805  , 1
v , 806  , 1
v , 807  , 0
o , 808  , 0
o , 809  , 1
o , 810  , 1
o , 811  , 0
o , 812  , 1
o , 813  , 1
o , 814  , 1
o , 815  , 1
i , 816  , 0
i , 817  , 1
i , 818  , 1
i , 819  , 0
i , 820  , 1
i , 821  , 0
i , 822  , 0
i , 823  , 1
r , 824  , 0
r , 825  , 1
r , 826  , 1
r , 827  , 1
r , 828  , 0
r , 829  , 0
r , 830  , 1
r , 831  , 0
  , 832  , 0
  , 833  , 0
  , 834  , 1
  , 835  , 0
  , 836  , 0
  , 837  , 0
  , 838  , 0
  , 839  , 0
t , 840  , 0
t , 841  , 1
t , 842  , 1
t , 843  , 1
t , 844  , 0
t , 845  , 1
t , 846  , 0
t , 847  , 0
o , 848  , 0
o , 849  , 1
o , 850  , 1
o , 851  , 0
o , 852  , 1
o , 853  , 1
o , 854  , 1
o , 855  , 1
n , 856  , 0
n , 857  , 1
n , 858  , 1
n , 859  , 0
n , 860  , 1
n , 861  , 1
n , 862  , 1
n , 863  , 0
  , 864  , 0
  , 865  , 0
  , 866  , 1
  , 867  , 0
  , 868  , 0
  , 869  , 0
  , 870  , 0
  , 871  , 0
v , 872  , 0
v , 873  , 1
v , 874  , 1
v , 875  , 1
v , 876  , 0
v , 877  , 1
v , 878  , 1
v , 879  , 0
i , 880  , 0
i , 881  , 1
i , 882  , 1
i , 883  , 0
i , 884  , 1
i , 885  , 0
i , 886  , 0
i , 887  , 1
s , 888  , 0
s , 889  , 1
s , 890  , 1
s , 891  , 1
s , 892  , 0
s , 893  , 0
s , 894  , 1
s , 895  , 1
a , 896  , 0
a , 897  , 1
a , 898  , 1
a , 899  , 0
a , 900  , 0
a , 901  , 0
a , 902  , 0
a , 903  , 1
g , 904  , 0
g , 905  , 1
g , 906  , 1
g , 907  , 0
g , 908  , 0
g , 909  , 1
g , 910  , 1
g , 911  , 1
e , 912  , 0
e , 913  , 1
e , 914  , 1
e , 915  , 0
e , 916  , 0
e , 917  , 1
e , 918  , 0
e , 919  , 1
  , 920  , 0
  , 921  , 0
  , 922  , 1
  , 923  , 0
  , 924  , 0
  , 925  , 0
  , 926  , 0
  , 927  , 0
t , 928  , 0
t , 929  , 1
t , 930  , 1
t , 931  , 1
t , 932  , 0
t , 933  , 1
t , 934  , 0
t , 935  , 0
o , 936  , 0
o , 937  , 1
o , 938  , 1
o , 939  , 0
o , 940  , 1
o , 941  , 1
o , 942  , 1
o , 943  , 1
u , 944  , 0
u , 945  , 1
u , 946  , 1
u , 947  , 1
u , 948  , 0
u , 949  , 1
u , 950  , 0
u , 951  , 1
t , 952  , 0
t , 953  , 1
t , 954  , 1
t , 955  , 1
t , 956  , 0
t , 957  , 1
t , 958  , 0
t , 959  , 0
  , 960  , 0
  , 961  , 0
  , 962  , 1
  , 963  , 0
  , 964  , 0
  , 965  , 0
  , 966  , 0
  , 967  , 0
e , 968  , 0
e , 969  , 1
e , 970  , 1
e , 971  , 0
e , 972  , 0
e , 973  , 1
e , 974  , 0
e , 975  , 1
n , 976  , 0
n , 977  , 1
n , 978  , 1
n , 979  , 0
n , 980  , 1
n , 981  , 1
n , 982  , 1
n , 983  , 0
t , 984  , 0
t , 985  , 1
t , 986  , 1
t , 987  , 1
t , 988  , 0
t , 989  , 1
t , 990  , 0
t , 991  , 0
i , 992  , 0
i , 993  , 1
i , 994  , 1
i , 995  , 0
i , 996  , 1
i , 997  , 0
i , 998  , 0
i , 999  , 1
e , 1000  , 0
e , 1001  , 1
e , 1002  , 1
e , 1003  , 0
e , 1004  , 0
e , 1005  , 1
e , 1006  , 0
e , 1007  , 1
r , 1008  , 0
r , 1009  , 1
r , 1010  , 1
r , 1011  , 1
r , 1012  , 0
r , 1013  , 0
r , 1014  , 1
r , 1015  , 0

 , 1016  , 0

 , 1017  , 0

 , 1018  , 0

 , 1019  , 0

 , 1020  , 1

 , 1021  , 0

 , 1022  , 1

 , 1023  , 0
L , 1024  , 0
L , 1025  , 1
L , 1026  , 0
L , 1027  , 0
L , 1028  , 1
L , 1029  , 1
L , 1030  , 0
L , 1031  , 0
a , 1032  , 0
a , 1033  , 1
a , 1034  , 1
a , 1035  , 0
a , 1036  , 0
a , 1037  , 0
a , 1038  , 0
a , 1039  , 1
  , 1040  , 0
  , 1041  , 0
  , 1042  , 1
  , 1043  , 0
  , 1044  , 0
  , 1045  , 0
  , 1046  , 0
  , 1047  , 0
s , 1048  , 0
s , 1049  , 1
s , 1050  , 1
s , 1051  , 1
s , 1052  , 0
s , 1053  , 0
s , 1054  , 1
s , 1055  , 1
e , 1056  , 0
e , 1057  , 1
e , 1058  , 1
e , 1059  , 0
e , 1060  , 0
e , 1061  , 1
e , 1062  , 0
e , 1063  , 1
c , 1064  , 0
c , 1065  , 1
c , 1066  , 1
c , 1067  , 0
c , 1068  , 0
c , 1069  , 0
c , 1070  , 1
c , 1071  , 1
o , 1072  , 0
o , 1073  , 1
o , 1074  , 1
o , 1075  , 0
o , 1076  , 1
o , 1077  , 1
o , 1078  , 1
o , 1079  , 1
n , 1080  , 0
n , 1081  , 1
n , 1082  , 1
n , 1083  , 0
n , 1084  , 1
n , 1085  , 1
n , 1086  , 1
n , 1087  , 0
d , 1088  , 0
d , 1089  , 1
d , 1090  , 1
d , 1091  , 0
d , 1092  , 0
d , 1093  , 1
d , 1094  , 0
d , 1095  , 0
e , 1096  , 0
e , 1097  , 1
e , 1098  , 1
e , 1099  , 0
e , 1100  , 0
e , 1101  , 1
e , 1102  , 0
e , 1103  , 1
  , 1104  , 0
  , 1105  , 0
  , 1106  , 1
  , 1107  , 0
  , 1108  , 0
  , 1109  , 0
  , 1110  , 0
  , 1111  , 0
p , 1112  , 0
p , 1113  , 1
p , 1114  , 1
p , 1115  , 1
p , 1116  , 0
p , 1117  , 0
p , 1118  , 0
p , 1119  , 0
o , 1120  , 0
o , 1121  , 1
o , 1122  , 1
o , 1123  , 0
o , 1124  , 1
o , 1125  , 1
o , 1126  , 1
o , 1127  , 1
u , 1128  , 0
u , 1129  , 1
u , 1130  , 1
u , 1131  , 1
u , 1132  , 0
u , 1133  , 1
u , 1134  , 0
u , 1135  , 1
r , 1136  , 0
r , 1137  , 1
r , 1138  , 1
r , 1139  , 1
r , 1140  , 0
r , 1141  , 0
r , 1142  , 1
r , 1143  , 0
  , 1144  , 0
  , 1145  , 0
  , 1146  , 1
  , 1147  , 0
  , 1148  , 0
  , 1149  , 0
  , 1150  , 0
  , 1151  , 0
v , 1152  , 0
v , 1153  , 1
v , 1154  , 1
v , 1155  , 1
v , 1156  , 0
v , 1157  , 1
v , 1158  , 1
v , 1159  , 0
o , 1160  , 0
o , 1161  , 1
o , 1162  , 1
o , 1163  , 0
o , 1164  , 1
o , 1165  , 1
o , 1166  , 1
o , 1167  , 1
i , 1168  , 0
i , 1169  , 1
i , 1170  , 1
i , 1171  , 0
i , 1172  , 1
i , 1173  , 0
i , 1174  , 0
i , 1175  , 1
r , 1176  , 0
r , 1177  , 1
r , 1178  , 1
r , 1179  , 1
r , 1180  , 0
r , 1181  , 0
r , 1182  , 1
r , 1183  , 0
  , 1184  , 0
  , 1185  , 0
  , 1186  , 1
  , 1187  , 0
  , 1188  , 0
  , 1189  , 0
  , 1190  , 0
  , 1191  , 0
t , 1192  , 0
t , 1193  , 1
t , 1194  , 1
t , 1195  , 1
t , 1196  , 0
t , 1197  , 1
t , 1198  , 0
t , 1199  , 0
e , 1200  , 0
e , 1201  , 1
e , 1202  , 1
e , 1203  , 0
e , 1204  , 0
e , 1205  , 1
e , 1206  , 0
e , 1207  , 1
s , 1208  , 0
s , 1209  , 1
s , 1210  , 1
s , 1211  , 1
s , 1212  , 0
s , 1213  , 0
s , 1214  , 1
s , 1215  , 1
  , 1216  , 0
  , 1217  , 0
  , 1218  , 1
  , 1219  , 0
  , 1220  , 0
  , 1221  , 0
  , 1222  , 0
  , 1223  , 0
y , 1224  , 0
y , 1225  , 1
y , 1226  , 1
y , 1227  , 1
y , 1228  , 1
y , 1229  , 0
y , 1230  , 0
y , 1231  , 1
e , 1232  , 0
e , 1233  , 1
e , 1234  , 1
e , 1235  , 0
e , 1236  , 0
e , 1237  , 1
e , 1238  , 0
e , 1239  , 1
u , 1240  , 0
u , 1241  , 1
u , 1242  , 1
u , 1243  , 1
u , 1244  , 0
u , 1245  , 1
u , 1246  , 0
u , 1247  , 1
x , 1248  , 0
x , 1249  , 1
x , 1250  , 1
x , 1251  , 1
x , 1252  , 1
x , 1253  , 0
x , 1254  , 0
x , 1255  , 0

 , 1256  , 0

 , 1257  , 0

 , 1258  , 0

 , 1259  , 0

 , 1260  , 1

 , 1261  , 0

 , 1262  , 1

 , 1263  , 0
L , 1264  , 0
L , 1265  , 1
L , 1266  , 0
L , 1267  , 0
L , 1268  , 1
L , 1269  , 1
L , 1270  , 0
L , 1271  , 0
a , 1272  , 0
a , 1273  , 1
a , 1274  , 1
a , 1275  , 0
a , 1276  , 0
a , 1277  , 0
a , 1278  , 0
a , 1279  , 1
  , 1280  , 0
  , 1281  , 0
  , 1282  , 1
  , 1283  , 0
  , 1284  , 0
  , 1285  , 0
  , 1286  , 0
  , 1287  , 0
d , 1288  , 0
d , 1289  , 1
d , 1290  , 1
d , 1291  , 0
d , 1292  , 0
d , 1293  , 1
d , 1294  , 0
d , 1295  , 0
e , 1296  , 0
e , 1297  , 1
e , 1298  , 1
e , 1299  , 0
e , 1300  , 0
e , 1301  , 1
e , 1302  , 0
e , 1303  , 1
r , 1304  , 0
r , 1305  , 1
r , 1306  , 1
r , 1307  , 1
r , 1308  , 0
r , 1309  , 0
r , 1310  , 1
r , 1311  , 0
n , 1312  , 0
n , 1313  , 1
n , 1314  , 1
n , 1315  , 0
n , 1316  , 1
n , 1317  , 1
n , 1318  , 1
n , 1319  , 0
i , 1320  , 0
i , 1321  , 1
i , 1322  , 1
i , 1323  , 0
i , 1324  , 1
i , 1325  , 0
i , 1326  , 0
i , 1327  , 1
Ã , 1328  , 1
Ã , 1329  , 1
Ã , 1330  , 0
Ã , 1331  , 0
Ã , 1332  , 0
Ã , 1333  , 0
Ã , 1334  , 1
Ã , 1335  , 1
¨ , 1336  , 1
¨ , 1337  , 0
¨ , 1338  , 1
¨ , 1339  , 0
¨ , 1340  , 1
¨ , 1341  , 0
¨ , 1342  , 0
¨ , 1343  , 0
r , 1344  , 0
r , 1345  , 1
r , 1346  , 1
r , 1347  , 1
r , 1348  , 0
r , 1349  , 0
r , 1350  , 1
r , 1351  , 0
e , 1352  , 0
e , 1353  , 1
e , 1354  , 1
e , 1355  , 0
e , 1356  , 0
e , 1357  , 1
e , 1358  , 0
e , 1359  , 1
  , 1360  , 0
  , 1361  , 0
  , 1362  , 1
  , 1363  , 0
  , 1364  , 0
  , 1365  , 0
  , 1366  , 0
  , 1367  , 0
p , 1368  , 0
p , 1369  , 1
p , 1370  , 1
p , 1371  , 1
p , 1372  , 0
p , 1373  , 0
p , 1374  , 0
p , 1375  , 0
o , 1376  , 0
o , 1377  , 1
o , 1378  , 1
o , 1379  , 0
o , 1380  , 1
o , 1381  , 1
o , 1382  , 1
o , 1383  , 1
u , 1384  , 0
u , 1385  , 1
u , 1386  , 1
u , 1387  , 1
u , 1388  , 0
u , 1389  , 1
u , 1390  , 0
u , 1391  , 1
r , 1392  , 0
r , 1393  , 1
r , 1394  , 1
r , 1395  , 1
r , 1396  , 0
r , 1397  , 0
r , 1398  , 1
r , 1399  , 0
  , 1400  , 0
  , 1401  , 0
  , 1402  , 1
  , 1403  , 0
  , 1404  , 0
  , 1405  , 0
  , 1406  , 0
  , 1407  , 0
v , 1408  , 0
v , 1409  , 1
v , 1410  , 1
v , 1411  , 1
v , 1412  , 0
v , 1413  , 1
v , 1414  , 1
v , 1415  , 0
o , 1416  , 0
o , 1417  , 1
o , 1418  , 1
o , 1419  , 0
o , 1420  , 1
o , 1421  , 1
o , 1422  , 1
o , 1423  , 1
i , 1424  , 0
i , 1425  , 1
i , 1426  , 1
i , 1427  , 0
i , 1428  , 1
i , 1429  , 0
i , 1430  , 0
i , 1431  , 1
r , 1432  , 0
r , 1433  , 1
r , 1434  , 1
r , 1435  , 1
r , 1436  , 0
r , 1437  , 0
r , 1438  , 1
r , 1439  , 0
  , 1440  , 0
  , 1441  , 0
  , 1442  , 1
  , 1443  , 0
  , 1444  , 0
  , 1445  , 0
  , 1446  , 0
  , 1447  , 0
t , 1448  , 0
t , 1449  , 1
t , 1450  , 1
t , 1451  , 1
t , 1452  , 0
t , 1453  , 1
t , 1454  , 0
t , 1455  , 0
a , 1456  , 0
a , 1457  , 1
a , 1458  , 1
a , 1459  , 0
a , 1460  , 0
a , 1461  , 0
a , 1462  , 0
a , 1463  , 1
  , 1464  , 0
  , 1465  , 0
  , 1466  , 1
  , 1467  , 0
  , 1468  , 0
  , 1469  , 0
  , 1470  , 0
  , 1471  , 0
b , 1472  , 0
b , 1473  , 1
b , 1474  , 1
b , 1475  , 0
b , 1476  , 0
b , 1477  , 0
b , 1478  , 1
b , 1479  , 0
o , 1480  , 0
o , 1481  , 1
o , 1482  , 1
o , 1483  , 0
o , 1484  , 1
o , 1485  , 1
o , 1486  , 1
o , 1487  , 1
u , 1488  , 0
u , 1489  , 1
u , 1490  , 1
u , 1491  , 1
u , 1492  , 0
u , 1493  , 1
u , 1494  , 0
u , 1495  , 1
c , 1496  , 0
c , 1497  , 1
c , 1498  , 1
c , 1499  , 0
c , 1500  , 0
c , 1501  , 0
c , 1502  , 1
c , 1503  , 1
h , 1504  , 0
h , 1505  , 1
h , 1506  , 1
h , 1507  , 0
h , 1508  , 1
h , 1509  , 0
h , 1510  , 0
h , 1511  , 0
e , 1512  , 0
e , 1513  , 1
e , 1514  , 1
e , 1515  , 0
e , 1516  , 0
e , 1517  , 1
e , 1518  , 0
e , 1519  , 1

 , 1520  , 0

 , 1521  , 0

 , 1522  , 0

 , 1523  , 0

 , 1524  , 1

 , 1525  , 0

 , 1526  , 1

 , 1527  , 0
E , 1528  , 0
E , 1529  , 1
E , 1530  , 0
E , 1531  , 0
E , 1532  , 0
E , 1533  , 1
E , 1534  , 0
E , 1535  , 1
t , 1536  , 0
t , 1537  , 1
t , 1538  , 1
t , 1539  , 1
t , 1540  , 0
t , 1541  , 1
t , 1542  , 0
t , 1543  , 0
  , 1544  , 0
  , 1545  , 0
  , 1546  , 1
  , 1547  , 0
  , 1548  , 0
  , 1549  , 0
  , 1550  , 0
  , 1551  , 0
l , 1552  , 0
l , 1553  , 1
l , 1554  , 1
l , 1555  , 0
l , 1556  , 1
l , 1557  , 1
l , 1558  , 0
l , 1559  , 0
â , 1560  , 1
â , 1561  , 1
â , 1562  , 1
â , 1563  , 0
â , 1564  , 0
â , 1565  , 0
â , 1566  , 1
â , 1567  , 0
€ , 1568  , 1
€ , 1569  , 0
€ , 1570  , 0
€ , 1571  , 0
€ , 1572  , 0
€ , 1573  , 0
€ , 1574  , 0
€ , 1575  , 0
™ , 1576  , 1
™ , 1577  , 0
™ , 1578  , 0
™ , 1579  , 1
™ , 1580  , 1
™ , 1581  , 0
™ , 1582  , 0
™ , 1583  , 1
o , 1584  , 0
o , 1585  , 1
o , 1586  , 1
o , 1587  , 0
o , 1588  , 1
o , 1589  , 1
o , 1590  , 1
o , 1591  , 1
b , 1592  , 0
b , 1593  , 1
b , 1594  , 1
b , 1595  , 0
b , 1596  , 0
b , 1597  , 0
b , 1598  , 1
b , 1599  , 0
s , 1600  , 0
s , 1601  , 1
s , 1602  , 1
s , 1603  , 1
s , 1604  , 0
s , 1605  , 0
s , 1606  , 1
s , 1607  , 1
c , 1608  , 0
c , 1609  , 1
c , 1610  , 1
c , 1611  , 0
c , 1612  , 0
c , 1613  , 0
c , 1614  , 1
c , 1615  , 1
u , 1616  , 0
u , 1617  , 1
u , 1618  , 1
u , 1619  , 1
u , 1620  , 0
u , 1621  , 1
u , 1622  , 0
u , 1623  , 1
r , 1624  , 0
r , 1625  , 1
r , 1626  , 1
r , 1627  , 1
r , 1628  , 0
r , 1629  , 0
r , 1630  , 1
r , 1631  , 0
i , 1632  , 0
i , 1633  , 1
i , 1634  , 1
i , 1635  , 0
i , 1636  , 1
i , 1637  , 0
i , 1638  , 0
i , 1639  , 1
t , 1640  , 0
t , 1641  , 1
t , 1642  , 1
t , 1643  , 1
t , 1644  , 0
t , 1645  , 1
t , 1646  , 0
t , 1647  , 0
Ã , 1648  , 1
Ã , 1649  , 1
Ã , 1650  , 0
Ã , 1651  , 0
Ã , 1652  , 0
Ã , 1653  , 0
Ã , 1654  , 1
Ã , 1655  , 1
© , 1656  , 1
© , 1657  , 0
© , 1658  , 1
© , 1659  , 0
© , 1660  , 1
© , 1661  , 0
© , 1662  , 0
© , 1663  , 1
  , 1664  , 0
  , 1665  , 0
  , 1666  , 1
  , 1667  , 0
  , 1668  , 0
  , 1669  , 0
  , 1670  , 0
  , 1671  , 0
t , 1672  , 0
t , 1673  , 1
t , 1674  , 1
t , 1675  , 1
t , 1676  , 0
t , 1677  , 1
t , 1678  , 0
t , 1679  , 0
o , 1680  , 0
o , 1681  , 1
o , 1682  , 1
o , 1683  , 0
o , 1684  , 1
o , 1685  , 1
o , 1686  , 1
o , 1687  , 1
u , 1688  , 0
u , 1689  , 1
u , 1690  , 1
u , 1691  , 1
u , 1692  , 0
u , 1693  , 1
u , 1694  , 0
u , 1695  , 1
t , 1696  , 0
t , 1697  , 1
t , 1698  , 1
t , 1699  , 1
t , 1700  , 0
t , 1701  , 1
t , 1702  , 0
t , 1703  , 0
  , 1704  , 0
  , 1705  , 0
  , 1706  , 1
  , 1707  , 0
  , 1708  , 0
  , 1709  , 0
  , 1710  , 0
  , 1711  , 0
e , 1712  , 0
e , 1713  , 1
e , 1714  , 1
e , 1715  , 0
e , 1716  , 0
e , 1717  , 1
e , 1718  , 0
e , 1719  , 1
n , 1720  , 0
n , 1721  , 1
n , 1722  , 1
n , 1723  , 0
n , 1724  , 1
n , 1725  , 1
n , 1726  , 1
n , 1727  , 0
t , 1728  , 0
t , 1729  , 1
t , 1730  , 1
t , 1731  , 1
t , 1732  , 0
t , 1733  , 1
t , 1734  , 0
t , 1735  , 0
i , 1736  , 0
i , 1737  , 1
i , 1738  , 1
i , 1739  , 0
i , 1740  , 1
i , 1741  , 0
i , 1742  , 0
i , 1743  , 1
Ã , 1744  , 1
Ã , 1745  , 1
Ã , 1746  , 0
Ã , 1747  , 0
Ã , 1748  , 0
Ã , 1749  , 0
Ã , 1750  , 1
Ã , 1751  , 1
¨ , 1752  , 1
¨ , 1753  , 0
¨ , 1754  , 1
¨ , 1755  , 0
¨ , 1756  , 1
¨ , 1757  , 0
¨ , 1758  , 0
¨ , 1759  , 0
r , 1760  , 0
r , 1761  , 1
r , 1762  , 1
r , 1763  , 1
r , 1764  , 0
r , 1765  , 0
r , 1766  , 1
r , 1767  , 0
e , 1768  , 0
e , 1769  , 1
e , 1770  , 1
e , 1771  , 0
e , 1772  , 0
e , 1773  , 1
e , 1774  , 0
e , 1775  , 1
  , 1776  , 0
  , 1777  , 0
  , 1778  , 1
  , 1779  , 0
  , 1780  , 0
  , 1781  , 0
  , 1782  , 0
  , 1783  , 0
p , 1784  , 0
p , 1785  , 1
p , 1786  , 1
p , 1787  , 1
p , 1788  , 0
p , 1789  , 0
p , 1790  , 0
p , 1791  , 0
o , 1792  , 0
o , 1793  , 1
o , 1794  , 1
o , 1795  , 0
o , 1796  , 1
o , 1797  , 1
o , 1798  , 1
o , 1799  , 1
u , 1800  , 0
u , 1801  , 1
u , 1802  , 1
u , 1803  , 1
u , 1804  , 0
u , 1805  , 1
u , 1806  , 0
u , 1807  , 1
r , 1808  , 0
r , 1809  , 1
r , 1810  , 1
r , 1811  , 1
r , 1812  , 0
r , 1813  , 0
r , 1814  , 1
r , 1815  , 0
  , 1816  , 0
  , 1817  , 0
  , 1818  , 1
  , 1819  , 0
  , 1820  , 0
  , 1821  , 0
  , 1822  , 0
  , 1823  , 0
m , 1824  , 0
m , 1825  , 1
m , 1826  , 1
m , 1827  , 0
m , 1828  , 1
m , 1829  , 1
m , 1830  , 0
m , 1831  , 1
e , 1832  , 0
e , 1833  , 1
e , 1834  , 1
e , 1835  , 0
e , 1836  , 0
e , 1837  , 1
e , 1838  , 0
e , 1839  , 1
  , 1840  , 0
  , 1841  , 0
  , 1842  , 1
  , 1843  , 0
  , 1844  , 0
  , 1845  , 0
  , 1846  , 0
  , 1847  , 0
r , 1848  , 0
r , 1849  , 1
r , 1850  , 1
r , 1851  , 1
r , 1852  , 0
r , 1853  , 0
r , 1854  , 1
r , 1855  , 0
a , 1856  , 0
a , 1857  , 1
a , 1858  , 1
a , 1859  , 0
a , 1860  , 0
a , 1861  , 0
a , 1862  , 0
a , 1863  , 1
p , 1864  , 0
p , 1865  , 1
p , 1866  , 1
p , 1867  , 1
p , 1868  , 0
p , 1869  , 0
p , 1870  , 0
p , 1871  , 0
p , 1872  , 0
p , 1873  , 1
p , 1874  , 1
p , 1875  , 1
p , 1876  , 0
p , 1877  , 0
p , 1878  , 0
p , 1879  , 0
e , 1880  , 0
e , 1881  , 1
e , 1882  , 1
e , 1883  , 0
e , 1884  , 0
e , 1885  , 1
e , 1886  , 0
e , 1887  , 1
l , 1888  , 0
l , 1889  , 1
l , 1890  , 1
l , 1891  , 0
l , 1892  , 1
l , 1893  , 1
l , 1894  , 0
l , 1895  , 0
e , 1896  , 0
e , 1897  , 1
e , 1898  , 1
e , 1899  , 0
e , 1900  , 0
e , 1901  , 1
e , 1902  , 0
e , 1903  , 1
r , 1904  , 0
r , 1905  , 1
r , 1906  , 1
r , 1907  , 1
r , 1908  , 0
r , 1909  , 0
r , 1910  , 1
r , 1911  , 0
  , 1912  , 0
  , 1913  , 0
  , 1914  , 1
  , 1915  , 0
  , 1916  , 0
  , 1917  , 0
  , 1918  , 0
  , 1919  , 0
t , 1920  , 0
t , 1921  , 1
t , 1922  , 1
t , 1923  , 1
t , 1924  , 0
t , 1925  , 1
t , 1926  , 0
t , 1927  , 0
o , 1928  , 0
o , 1929  , 1
o , 1930  , 1
o , 1931  , 0
o , 1932  , 1
o , 1933  , 1
o , 1934  , 1
o , 1935  , 1
u , 1936  , 0
u , 1937  , 1
u , 1938  , 1
u , 1939  , 1
u , 1940  , 0
u , 1941  , 1
u , 1942  , 0
u , 1943  , 1
t , 1944  , 0
t , 1945  , 1
t , 1946  , 1
t , 1947  , 1
t , 1948  , 0
t , 1949  , 1
t , 1950  , 0
t , 1951  , 0
  , 1952  , 0
  , 1953  , 0
  , 1954  , 1
  , 1955  , 0
  , 1956  , 0
  , 1957  , 0
  , 1958  , 0
  , 1959  , 0
c , 1960  , 0
c , 1961  , 1
c , 1962  , 1
c , 1963  , 0
c , 1964  , 0
c , 1965  , 0
c , 1966  , 1
c , 1967  , 1
e , 1968  , 0
e , 1969  , 1
e , 1970  , 1
e , 1971  , 0
e , 1972  , 0
e , 1973  , 1
e , 1974  , 0
e , 1975  , 1
l , 1976  , 0
l , 1977  , 1
l , 1978  , 1
l , 1979  , 0
l , 1980  , 1
l , 1981  , 1
l , 1982  , 0
l , 1983  , 0
a , 1984  , 0
a , 1985  , 1
a , 1986  , 1
a , 1987  , 0
a , 1988  , 0
a , 1989  , 0
a , 1990  , 0
a , 1991  , 1

 , 1992  , 0

 , 1993  , 0

 , 1994  , 0

 , 1995  , 0

 , 1996  , 1

 , 1997  , 0

 , 1998  , 1

 , 1999  , 0
E , 2000  , 0
E , 2001  , 1
E , 2002  , 0
E , 2003  , 0
E , 2004  , 0
E , 2005  , 1
E , 2006  , 0
E , 2007  , 1
n , 2008  , 0
n , 2009  , 1
n , 2010  , 1
n , 2011  , 0
n , 2012  , 1
n , 2013  , 1
n , 2014  , 1
n , 2015  , 0
  , 2016  , 0
  , 2017  , 0
  , 2018  , 1
  , 2019  , 0
  , 2020  , 0
  , 2021  , 0
  , 2022  , 0
  , 2023  , 0
t , 2024  , 0
t , 2025  , 1
t , 2026  , 1
t , 2027  , 1
t , 2028  , 0
t , 2029  , 1
t , 2030  , 0
t , 2031  , 0
e , 2032  , 0
e , 2033  , 1
e , 2034  , 1
e , 2035  , 0
e , 2036  , 0
e , 2037  , 1
e , 2038  , 0
e , 2039  , 1
  , 2040  , 0
  , 2041  , 0
  , 2042  , 1
  , 2043  , 0
  , 2044  , 0
  , 2045  , 0
  , 2046  , 0
  , 2047  , 0
s , 2048  , 0
s , 2049  , 1
s , 2050  , 1
s , 2051  , 1
s , 2052  , 0
s , 2053  , 0
s , 2054  , 1
s , 2055  , 1
e , 2056  , 0
e , 2057  , 1
e , 2058  , 1
e , 2059  , 0
e , 2060  , 0
e , 2061  , 1
e , 2062  , 0
e , 2063  , 1
r , 2064  , 0
r , 2065  , 1
r , 2066  , 1
r , 2067  , 1
r , 2068  , 0
r , 2069  , 0
r , 2070  , 1
r , 2071  , 0
r , 2072  , 0
r , 2073  , 1
r , 2074  , 1
r , 2075  , 1
r , 2076  , 0
r , 2077  , 0
r , 2078  , 1
r , 2079  , 0
a , 2080  , 0
a , 2081  , 1
a , 2082  , 1
a , 2083  , 0
a , 2084  , 0
a , 2085  , 0
a , 2086  , 0
a , 2087  , 1
n , 2088  , 0
n , 2089  , 1
n , 2090  , 1
n , 2091  , 0
n , 2092  , 1
n , 2093  , 1
n , 2094  , 1
n , 2095  , 0
t , 2096  , 0
t , 2097  , 1
t , 2098  , 1
t , 2099  , 1
t , 2100  , 0
t , 2101  , 1
t , 2102  , 0
t , 2103  , 0
  , 2104  , 0
  , 2105  , 0
  , 2106  , 1
  , 2107  , 0
  , 2108  , 0
  , 2109  , 0
  , 2110  , 0
  , 2111  , 0
d , 2112  , 0
d , 2113  , 1
d , 2114  , 1
d , 2115  , 0
d , 2116  , 0
d , 2117  , 1
d , 2118  , 0
d , 2119  , 0
a , 2120  , 0
a , 2121  , 1
a , 2122  , 1
a , 2123  , 0
a , 2124  , 0
a , 2125  , 0
a , 2126  , 0
a , 2127  , 1
n , 2128  , 0
n , 2129  , 1
n , 2130  , 1
n , 2131  , 0
n , 2132  , 1
n , 2133  , 1
n , 2134  , 1
n , 2135  , 0
s , 2136  , 0
s , 2137  , 1
s , 2138  , 1
s , 2139  , 1
s , 2140  , 0
s , 2141  , 0
s , 2142  , 1
s , 2143  , 1
  , 2144  , 0
  , 2145  , 0
  , 2146  , 1
  , 2147  , 0
  , 2148  , 0
  , 2149  , 0
  , 2150  , 0
  , 2151  , 0
m , 2152  , 0
m , 2153  , 1
m , 2154  , 1
m , 2155  , 0
m , 2156  , 1
m , 2157  , 1
m , 2158  , 0
m , 2159  , 1
e , 2160  , 0
e , 2161  , 1
e , 2162  , 1
e , 2163  , 0
e , 2164  , 0
e , 2165  , 1
e , 2166  , 0
e , 2167  , 1
s , 2168  , 0
s , 2169  , 1
s , 2170  , 1
s , 2171  , 1
s , 2172  , 0
s , 2173  , 0
s , 2174  , 1
s , 2175  , 1
  , 2176  , 0
  , 2177  , 0
  , 2178  , 1
  , 2179  , 0
  , 2180  , 0
  , 2181  , 0
  , 2182  , 0
  , 2183  , 0
b , 2184  , 0
b , 2185  , 1
b , 2186  , 1
b , 2187  , 0
b , 2188  , 0
b , 2189  , 0
b , 2190  , 1
b , 2191  , 0
r , 2192  , 0
r , 2193  , 1
r , 2194  , 1
r , 2195  , 1
r , 2196  , 0
r , 2197  , 0
r , 2198  , 1
r , 2199  , 0
a , 2200  , 0
a , 2201  , 1
a , 2202  , 1
a , 2203  , 0
a , 2204  , 0
a , 2205  , 0
a , 2206  , 0
a , 2207  , 1
s , 2208  , 0
s , 2209  , 1
s , 2210  , 1
s , 2211  , 1
s , 2212  , 0
s , 2213  , 0
s , 2214  , 1
s , 2215  , 1
. , 2216  , 0
. , 2217  , 0
. , 2218  , 1
. , 2219  , 0
. , 2220  , 1
. , 2221  , 1
. , 2222  , 1
. , 2223  , 0

 , 2224  , 0

 , 2225  , 0

 , 2226  , 0

 , 2227  , 0

 , 2228  , 1

 , 2229  , 0

 , 2230  , 1

 , 2231  , 0
  , 2232  , 0